    2.18    2.44    2.49  |    -4.34
    2.17    2.31    2.49  |    -3.91
    3.15    3.22    3.17  |    -5.27

--------------------------------
i = 0, ratio = 1.445
    2.18    2.44    2.49  |    -4.34
    0.00   -0.12    0.01  |     0.41
    0.00   -0.31   -0.43  |     1.00

--------------------------------
i = 1, ratio = 2.573
    2.18    2.44    2.49  |    -4.34
    0.00   -0.12    0.01  |     0.41
    0.00    0.00   -0.46  |    -0.05

--------------------------------
i = 2, ratio = 2.573
    2.18    2.44    2.49  |    -4.34
    0.00   -0.12    0.01  |     0.41
    0.00    0.00   -0.46  |    -0.05


Корни системы: 
X0 = 1.72 | X1 = -3.44 | X2 = 0.12
