    2.18    2.44    2.49  |    -4.34
    2.17    2.31    2.49  |    -3.91
    3.15    3.22    3.17  |    -5.27

--------------------------------
   19.38   20.47   20.82  |   -34.55
   20.47   21.66   22.03  |   -36.59
   20.82   22.03   22.45  |   -37.25

--------------------------------
    4.40    0.00    0.00
    4.65    0.18    0.00
    4.73    0.26    0.15

проверка: 
np.linalg.solve(prod_matrix_A, prod_matrix_B) = [ 1.72486429 -3.44037418  0.11819632]

Корни системы: 
X0 = 1.72 | X1 = -3.44 | X2 = 0.12
