метод Эйлера:
1я функция:
-1.000
-0.950
-0.840
-0.786
-0.634
-0.576
-0.333
-0.273
0.242
0.295
0.782
0.819
0.952
0.985
1.084
1.113
1.192
1.219
1.286
1.310
1.368
1.391
1.442
1.463
1.508
1.528
1.568
1.587
1.624
1.641
1.674
1.691
1.721
1.737
1.765
1.780
1.806
1.820
1.844
1.857

метод Эйлера:
2я функция:
1.000
0.100
1.066
0.197
1.149
0.284
1.245
0.346
1.345
0.344
1.425
0.285
1.470
0.210
1.507
0.124
1.539
0.033
1.571
-0.063
1.603
-0.162
1.636
-0.262
1.672
-0.362
1.712
-0.461
1.755
-0.558
1.801
-0.652
1.852
-0.743
1.907
-0.829
1.965
-0.910
2.026
-0.985

