метод Рунге–Кутта:
1я функция:
-1.000
-0.948
-0.898
-0.852
-0.809
-0.768
-0.731
-0.695
-0.662
-0.630
-0.599
-0.569
-0.540
-0.512
-0.484
-0.457
-0.430
-0.403
-0.376
-0.349
-0.322
-0.294
-0.267
-0.239
-0.210
-0.182
-0.153
-0.123
-0.093
-0.062
-0.031
0.002
0.035
0.068
0.103
0.138
0.174
0.212
0.250
0.289

метод Рунге–Кутта:
2я функция:
1.000
1.100
1.198
1.291
1.379
1.460
1.534
1.599
1.657
1.707
1.749
1.785
1.815
1.840
1.859
1.873
1.884
1.890
1.893
1.894
1.891
1.886
1.879
1.870
1.859
1.847
1.832
1.816
1.799
1.781
1.761
1.741
1.719
1.696
1.672
1.647
1.621
1.594
1.566
1.537

