Матрица: 
     0.37712     0.48587     0.19836    -0.53757
    -0.43613    -0.59594    -0.24330     0.62168
     0.52997     0.69610     0.28419    -0.75546
     0.40591     0.55464     0.22644    -0.57861

Q:
 -0.42753633 -0.60053892  0.28485170  0.61271952
  0.49443524 -0.51910552 -0.68030231  0.15248613
 -0.60082050 -0.36971346 -0.29863079 -0.64276460
 -0.46017520  0.48290209 -0.60569623  0.43379308

R:
 -0.88207709 -1.17584353 -0.48005145  1.25736903
  0.00000000  0.02805118  0.01145496  0.00000594
  0.00000000  0.00000000 -0.00000101  0.00000745
 -0.00000000 -0.00000000 -0.00000000  0.00000388

собственные числа:
λ0 = -0.882077094
λ1 = 0.028051177
λ2 = -0.000001005
λ3 = 0.000003881
