 N  | omega |       Re       |       Im      
  1 |   0.0 |    4.07218e-01 |    0.00000e+00
  2 |   1.0 |   -1.75271e-01 |    1.13585e-01
  3 |   2.0 |    1.19701e-01 |   -1.04877e-01
  4 |   3.0 |   -9.04459e-02 |    9.55464e-02
  5 |   4.0 |    7.18354e-02 |   -8.74013e-02
  6 |   5.0 |   -5.88490e-02 |    8.04099e-02
  7 |   6.0 |    4.92656e-02 |   -7.43804e-02
  8 |   7.0 |   -4.19195e-02 |    6.91374e-02
  9 |   8.0 |    3.61300e-02 |   -6.45404e-02
 10 |   9.0 |   -3.14690e-02 |    6.04789e-02
 11 |  10.0 |    2.76520e-02 |   -5.68662e-02
---------------------------------------------
502 | 501.0 |    5.78439e-04 |    1.28801e-03
503 | 502.0 |   -5.98199e-04 |   -1.24960e-03
504 | 503.0 |    6.18178e-04 |    1.20603e-03
505 | 504.0 |   -6.38041e-04 |   -1.15631e-03
506 | 505.0 |    6.57290e-04 |    1.09919e-03
507 | 506.0 |   -6.75170e-04 |   -1.03305e-03
508 | 507.0 |    6.90550e-04 |    9.55778e-04
509 | 508.0 |   -7.01721e-04 |   -8.64515e-04
510 | 509.0 |    7.06131e-04 |    7.55161e-04
511 | 510.0 |   -7.00309e-04 |   -6.21207e-04
512 | 511.0 |    6.83244e-04 |    4.48744e-04

Общий результат вычислений интеграла f(x)e^(iwx):
Re = 0.3012204
Im = 0.0588484j
